
Linkage,Affinity =  ward , euclidean 

2 99.88 61.74 96.39 0.49 0.69 19 627
3 99.92 54.06 95.72 0.42 0.65 13 753
4 99.91 46.43 95.01 0.35 0.61 15 878
5 99.9 49.85 95.32 0.38 0.63 16 822
6 95.09 79.5 93.66 0.45 0.38 798 336
7 95.15 74.74 93.28 0.4 0.35 788 414
Without PCA 95.15 74.74 93.28 0.4 0.35 788 414

Linkage,Affinity =  complete , euclidean 

2 99.97 41.12 94.58 0.32 0.6 5 965
3 100.0 20.62 92.73 0.15 0.5 0 1301
4 97.39 75.96 95.43 0.49 0.48 424 394
5 99.88 58.39 96.08 0.46 0.67 19 682
6 100.0 17.02 92.4 0.13 0.48 0 1360
7 99.88 60.52 96.28 0.48 0.68 19 647
Without PCA 99.88 60.52 96.28 0.48 0.68 19 647

Linkage,Affinity =  complete , l1 

2 99.99 28.55 93.45 0.21 0.54 2 1171
3 78.09 82.86 78.52 0.22 0.12 3563 281
4 99.15 64.73 95.99 0.46 0.58 139 578
5 100.0 17.63 92.46 0.13 0.48 0 1350
6 92.79 10.62 85.27 0.0 0.0 1172 1465
7 100.0 10.25 91.78 0.07 0.43 0 1471
Without PCA 100.0 10.25 91.78 0.07 0.43 0 1471

Linkage,Affinity =  complete , l2 

2 99.97 41.12 94.58 0.32 0.6 5 965
3 100.0 20.62 92.73 0.15 0.5 0 1301
4 97.39 75.96 95.43 0.49 0.48 424 394
5 99.88 58.39 96.08 0.46 0.67 19 682
6 100.0 17.02 92.4 0.13 0.48 0 1360
7 99.88 60.52 96.28 0.48 0.68 19 647
Without PCA 99.88 60.52 96.28 0.48 0.68 19 647

Linkage,Affinity =  complete , manhattan 

2 99.99 28.55 93.45 0.21 0.54 2 1171
3 78.09 82.86 78.52 0.22 0.12 3563 281
4 99.15 64.73 95.99 0.46 0.58 139 578
5 100.0 17.63 92.46 0.13 0.48 0 1350
6 92.79 10.62 85.27 0.0 0.0 1172 1465
7 100.0 10.25 91.78 0.07 0.43 0 1471
Without PCA 100.0 10.25 91.78 0.07 0.43 0 1471

Linkage,Affinity =  complete , cosine 

2 57.49 93.72 60.81 0.17 0.07 6911 103
3 68.69 94.69 71.07 0.25 0.12 5091 87
4 66.85 89.69 68.94 0.19 0.09 5390 169
5 57.98 2.07 52.86 0.13 0.06 6832 1605
6 59.27 1.95 54.02 0.12 0.06 6622 1607
7 79.26 92.68 80.49 0.32 0.17 3372 120
Without PCA 79.26 92.68 80.49 0.32 0.17 3372 120

Linkage,Affinity =  average , euclidean 

2 99.94 48.08 95.19 0.37 0.63 10 851
3 99.93 43.01 94.71 0.33 0.6 12 934
4 99.98 35.27 94.06 0.27 0.57 3 1061
5 99.85 0.06 90.71 0.0 0.0 24 1638
6 99.98 0.06 90.83 0.0 0.01 4 1638
7 99.98 0.06 90.83 0.0 0.01 3 1638
Without PCA 99.98 0.06 90.83 0.0 0.01 3 1638

Linkage,Affinity =  average , l1 

2 99.88 64.25 96.61 0.52 0.7 20 586
3 99.89 0.06 90.75 0.0 0.0 18 1638
4 99.99 27.46 93.35 0.21 0.54 1 1189
5 99.96 0.06 90.81 0.0 0.0 7 1638
6 99.98 0.0 90.82 0.0 0.01 4 1639
7 100.0 19.77 92.65 0.15 0.5 0 1315
Without PCA 100.0 19.77 92.65 0.15 0.5 0 1315

Linkage,Affinity =  average , l2 

2 99.94 48.08 95.19 0.37 0.63 10 851
3 99.93 43.01 94.71 0.33 0.6 12 934
4 99.98 35.27 94.06 0.27 0.57 3 1061
5 99.85 0.06 90.71 0.0 0.0 24 1638
6 99.98 0.06 90.83 0.0 0.01 4 1638
7 99.98 0.06 90.83 0.0 0.01 3 1638
Without PCA 99.98 0.06 90.83 0.0 0.01 3 1638

Linkage,Affinity =  average , manhattan 

2 99.88 64.25 96.61 0.52 0.7 20 586
3 99.89 0.06 90.75 0.0 0.0 18 1638
4 99.99 27.46 93.35 0.21 0.54 1 1189
5 99.96 0.06 90.81 0.0 0.0 7 1638
6 99.98 0.0 90.82 0.0 0.01 4 1639
7 100.0 19.77 92.65 0.15 0.5 0 1315
Without PCA 100.0 19.77 92.65 0.15 0.5 0 1315

Linkage,Affinity =  average , cosine 

2 89.99 72.42 88.38 0.28 0.2 1627 452
3 90.15 88.77 90.02 0.43 0.29 1602 184
4 62.89 95.67 65.9 0.22 0.1 6033 71
5 70.4 94.87 72.64 0.26 0.12 4812 84
6 76.01 18.36 70.73 0.0 0.0 3901 1338
7 74.48 94.57 76.32 0.3 0.14 4149 89
Without PCA 74.48 94.57 76.32 0.3 0.14 4149 89

Linkage,Affinity =  single , euclidean 

2 100.0 0.06 90.85 0.0 0.22 0 1638
3 100.0 0.06 90.85 0.0 0.22 0 1638
4 99.99 0.0 90.84 0.0 0.01 1 1639
5 99.99 0.0 90.84 0.0 0.01 1 1639
6 99.99 0.0 90.84 0.0 0.01 1 1639
7 99.99 0.0 90.84 0.0 0.01 1 1639
Without PCA 99.99 0.0 90.84 0.0 0.01 1 1639

Linkage,Affinity =  single , l1 

2 100.0 0.06 90.85 0.0 0.22 0 1638
3 100.0 0.06 90.85 0.0 0.22 0 1638
4 99.99 0.0 90.84 0.0 0.01 1 1639
5 99.99 0.0 90.84 0.0 0.01 1 1639
6 99.99 0.0 90.84 0.0 0.01 1 1639
7 99.99 0.0 90.84 0.0 0.01 1 1639
Without PCA 99.99 0.0 90.84 0.0 0.01 1 1639

Linkage,Affinity =  single , l2 

2 100.0 0.06 90.85 0.0 0.22 0 1638
3 100.0 0.06 90.85 0.0 0.22 0 1638
4 99.99 0.0 90.84 0.0 0.01 1 1639
5 99.99 0.0 90.84 0.0 0.01 1 1639
6 99.99 0.0 90.84 0.0 0.01 1 1639
7 99.99 0.0 90.84 0.0 0.01 1 1639
Without PCA 99.99 0.0 90.84 0.0 0.01 1 1639

Linkage,Affinity =  single , manhattan 

2 100.0 0.06 90.85 0.0 0.22 0 1638
3 100.0 0.06 90.85 0.0 0.22 0 1638
4 99.99 0.0 90.84 0.0 0.01 1 1639
5 99.99 0.0 90.84 0.0 0.01 1 1639
6 99.99 0.0 90.84 0.0 0.01 1 1639
7 99.99 0.0 90.84 0.0 0.01 1 1639
Without PCA 99.99 0.0 90.84 0.0 0.01 1 1639

Linkage,Affinity =  single , cosine 

2 99.38 2.68 90.52 0.0 0.03 101 1595
3 99.99 0.0 90.84 0.0 0.01 1 1639
4 100.0 0.06 90.85 0.0 0.22 0 1638
5 99.99 0.0 90.84 0.0 0.01 1 1639
6 99.99 0.0 90.84 0.0 0.01 1 1639
7 99.99 0.0 90.84 0.0 0.01 1 1639
Without PCA 99.99 0.0 90.84 0.0 0.01 1 1639

